Disk C                                                                                            
Me                                                                                                
23123512                                                                                          
3                                                                                                 
0                                                                                                 
                                                                                                  
002000                                                                                            
name1                                                                                             
type1                                                                                             
128                                                                                               
2015 03 05                                                                                        
1024                                                                                              
1                                                                                                 
                                                                                                  
002000                                                                                            
name2                                                                                             
type2                                                                                             
512                                                                                               
2015 03 05                                                                                        
1152                                                                                              
2                                                                                                 
                                                                                                  
002000                                                                                            
name3                                                                                             
type3                                                                                             
128                                                                                               
2015 03 05                                                                                        
1664                                                                                              
-1                                                                                                
                                                                                                  
